6.007687125240696e-08
6.412102047916403e-08
6.589331829745803e-08
6.14615499403025e-08
6.062359754997797e-08
6.062359754997797e-08
6.062359754997797e-08
6.179501694355071e-08
6.179501694355071e-08
5.758167939802647e-08
5.758167939802647e-08
6.016517494876771e-08
6.016517494876771e-08
6.016517494876771e-08
6.016517494876771e-08
6.290867894791065e-08
6.093028662181546e-08
6.093028662181546e-08
5.9207367657328963e-08
5.9207367657328963e-08
5.9362001361561416e-08
5.9362001361561416e-08
5.825394803564319e-08
5.920199556058829e-08
5.920199556058829e-08
5.920199556058829e-08
5.920199556058829e-08
5.920199556058829e-08
5.920199556058829e-08
5.85605050003871e-08
5.85605050003871e-08
5.835036241698557e-08
5.929097134941395e-08
5.784092883978259e-08
5.83372297824069e-08
5.816766395093243e-08
5.709308936155372e-08
5.844928667128584e-08
5.844928667128584e-08
5.844928667128584e-08
5.844928667128584e-08
5.844928667128584e-08
5.845696338019707e-08
5.8911995043724853e-08
5.97606062305028e-08
5.97606062305028e-08
5.97603831617867e-08
5.97603831617867e-08
5.988174526675087e-08
6.002634094991487e-08
6.002634094991487e-08
6.002634094991487e-08
6.002634094991487e-08
6.003149388707907e-08
6.039497030297671e-08
6.090932733365308e-08
6.090508326393055e-08
6.100594724157106e-08
6.109779674896925e-08
6.11482934708621e-08
6.114749747515907e-08
6.114794098946046e-08
6.1847758772882e-08
6.191913414539861e-08
6.18542990857991e-08
6.191942766268311e-08
6.192045181799831e-08
6.192092165660481e-08
6.192206953535659e-08
6.192208399771192e-08
6.192165455465853e-08
6.20743304998829e-08
6.207374786437481e-08
6.207143034856688e-08
6.207143034856688e-08
6.207324044656787e-08
6.207325218196548e-08
6.207447066614806e-08
6.207489089914161e-08
6.207544815348319e-08
6.20763561465073e-08
6.207648045956671e-08
6.207648045956671e-08
6.207625354558222e-08
6.20763141271322e-08
6.207676354836459e-08
6.207646419291798e-08
6.207646419291798e-08
6.207646419291798e-08
6.20765134763844e-08
6.20765134763844e-08
6.207696414277031e-08
6.207750090751639e-08
6.207785307577397e-08
6.207866624947372e-08
6.207942954495627e-08
6.208007930374048e-08
6.20807362015101e-08
6.208146399250904e-08
6.208208585469366e-08
6.208243389956577e-08
6.208298309518409e-08
6.208313138189758e-08
6.208313138189758e-08
6.208320823551366e-08
6.208332986378043e-08
6.208338996706222e-08
6.208348840403764e-08
6.208376846978411e-08
6.208376846978411e-08
6.208381792952223e-08