6.013039336972045e-08
6.117074403162534e-08
5.954824008955742e-08
6.334145668014448e-08
6.272516018675479e-08
6.272516018675479e-08
6.247428641890716e-08
6.315736337843356e-08
6.315736337843356e-08
6.315736337843356e-08
5.990084491197309e-08
6.078755478396434e-08
6.078755478396434e-08
6.078755478396434e-08
6.078755478396434e-08
6.078755478396434e-08
6.078755478396434e-08
6.442712692341856e-08
6.442712692341856e-08
6.442712692341856e-08
6.442712692341856e-08
6.442712692341856e-08
6.28490089013156e-08
6.28490089013156e-08
6.28490089013156e-08
6.579702775425517e-08
6.626391942252727e-08
6.127987271887427e-08
6.127987271887427e-08
6.233389465922358e-08
6.291950865339746e-08
6.385713180520458e-08
6.272508909000788e-08
6.272508909000788e-08
6.443070197170098e-08
6.556722994667809e-08
6.556722994667809e-08
6.527781247821477e-08
6.571561000064413e-08
6.642825312725988e-08
6.642825312725988e-08
6.716591910019255e-08
6.716591910019255e-08
6.659444049153443e-08
6.707536478224732e-08
6.738789213550939e-08
6.725640813649879e-08
6.725640813649879e-08
6.737472162447499e-08
6.738420599299947e-08
6.738420599299947e-08
6.738420599299947e-08
6.73757744137013e-08
6.737772621861192e-08
6.737496064524719e-08
6.737278528475205e-08
6.737402753945417e-08
6.737436545750778e-08
6.737782760897203e-08