27263790.66350494
10981039.50346834
8081116.3410106385
6325531.480331695
2115666.713878582
2115666.713878582
2115666.713878582
1435715.7377142315
1435715.7377142315
1326730.0948619107
1326730.0948619107
1157293.7029677487
1157293.7029677487
1157293.7029677487
1157293.7029677487
1037807.4680690456
965873.7007114786
965873.7007114786
633108.6583954323
633108.6583954323
573346.7742943233
573346.7742943233
313994.03792239155
147077.48326867566
147077.48326867566
147077.48326867566
147077.48326867566
147077.48326867566
147077.48326867566
132385.93363838686
132385.93363838686
129301.33438586284
81011.62980618268
46886.49276613644
37904.89767043837
28263.1906319928
10205.121809551178
7813.222202672881
7813.222202672881
7813.222202672881
7813.222202672881
7813.222202672881
5548.251648355559
6375.478028345104
4443.196998896864
4443.196998896864
4066.716381235511
4066.716381235511
4566.566008769345
4778.700345712714
4778.700345712714
4778.700345712714
4778.700345712714
4522.546414048334
3742.5073777467423
3135.349764141986
2930.6947154287946
2899.6259087628855
2049.4642140917795
1709.413399488852
1057.2758576073693
1046.2546822208874
2117.5286141409742
2051.748537474401
1258.0628757222826
1124.498120931536
1005.3216912019012
821.7623683663571
745.1101154201831
689.6459249373321
603.2986397827462
1086.2701289837905
894.168878869731
705.2227290015383
705.2227290015383
579.4060557162209
497.7945711702373
310.3472291191073
254.82718954034755
159.37829948950818
109.48825957572222
73.10524558389048
73.10524558389048
38.32087995090635
26.496118122016135
23.969103272149876
4.231281378829381
4.231281378829381
4.231281378829381
0.7760462255679885
0.7760462255679885
0.8668638987495144
3.1672963485815355
0.08319684342051425
0.20588033527116809
0.2888120540029887
0.2643305509961412
1.0895422523743314
2.527453403254743
2.7723765824698767
0.9737425601077068
2.0066618135827965
0.06316587640385378
0.06316587640385378
0.009635504286019374
0.06516741446660343
0.1536696178172816
0.18536174067551325
0.001700639312733744
0.001700639312733744
0.0