26526051.199507616
9427253.429945447
9013373.24686883
4556386.3898637565
3038646.2717052856
3038646.2717052856
2845208.166176647
2641562.0642026374
2641562.0642026374
2641562.0642026374
1978792.0286748926
884297.4088116426
884297.4088116426
884297.4088116426
884297.4088116426
884297.4088116426
884297.4088116426
730134.9163504357
730134.9163504357
730134.9163504357
730134.9163504357
730134.9163504357
521225.2200489164
521225.2200489164
521225.2200489164
455800.5161772544
312024.34268070455
155864.0104494583
155864.0104494583
151709.53665573488
138702.0731893731
101176.3875971018
42003.571330450475
42003.571330450475
44972.425930970276
23812.673623624967
23812.673623624967
18638.91615788971
15896.705790749573
11426.293665975805
11426.293665975805
12473.405990345804
12473.405990345804
4713.492237444621
4244.671118681264
4515.163798548047
2087.435727195152
2087.435727195152
2518.8795477921667
1871.3649814007613
1871.3649814007613
1871.3649814007613
1025.0829485449378
634.1715848902571
196.89380039061803
164.1687781994908
46.41996963640898
33.62302336267925
0.0