65.12901594211216
69.69976499295228
71.38555358115127
66.80309000737044
65.91194679291793
65.91194679291793
65.91194679291793
66.94134721964544
66.94134721964544
62.897106020692625
62.897106020692625
65.18507704586258
65.18507704586258
65.18507704586258
65.18507704586258
68.2353576214693
66.0163053047963
66.0163053047963
65.01065438718975
62.93489672429443
62.93489672429443
62.93489672429443
64.49633639622449
64.49633639622449
62.71972435082762
64.36291003590047
63.97969483525976
63.97969483525976
63.97969483525976
63.97969483525976
63.97969483525976
62.44119637810062
63.31383108868966
63.31383108868966
63.31383108868966
65.44917974557566
65.44917974557566
65.73790191457654
65.53843307853825
64.9732275511056
64.9732275511056
64.9732275511056
64.39132663031387
64.39132663031387
64.30956671270403
65.22635349609455
63.646190485395934
63.646190485395934
65.91767997260281
65.91767997260281
65.91767997260281
65.91767997260281
65.91767997260281
66.07774976507183
65.43716333289692
65.87151577027097
65.8662292201543
66.43726146209421
66.43726146209421
66.434166240364
66.434166240364
66.4060200291807
66.40678755852473
66.40852923433424
66.4086268543612
66.40861439245575
66.40980163746015
66.40935324895351
66.43874722172494
66.40861490665495
66.40689664877462
66.40689664877462
66.40689427747921
66.40654770109083
66.40824649710876
66.40810243472868
66.40810243472868
66.40871904852932
66.41142804126412
67.09260424329791
67.08970096520244
67.08970096520244
67.0914999192018
67.09260443738329
67.09350649089633
67.09296116054126
67.09258028255802
67.09236513063514
67.09195171782059
67.09187123785853
67.09099719310468
67.09148345686037
67.09093380860119
67.80202095967793
67.80161965234815
67.80133753320112
67.80106669834733
67.80057567834011
67.8003080029783
67.79991629511584
67.79979085279892
67.80039004689573
67.8006501060614
67.80108151821416
67.8014850113453
67.8009272087919
67.80056055206752
67.80020063092165
67.80045351063478
67.80027794267691
67.80028170785047
67.8003468461724
67.80028902385912
67.80039490589564
67.80054134440152
67.80047803052878
67.80049112018635
67.80049194424537
67.80036053397635
67.80033088956857
67.80029564485646
67.80024584885675
67.80011721515132
67.79988417110374
67.79984195336033
67.79953369986286
67.79943311373691
67.7990913023642
67.79894998667235
67.79888364033847
67.798830750386
67.7988124007236
67.7987226124455
67.79871242055339
67.79882434389782
67.79864296253507
67.79882365939268
