27378937.500838008
11061599.190647671
8501912.853527835
6658132.483134911
2292375.1909583407
2292375.1909583407
2292375.1909583407
1754857.5584256123
1754857.5584256123
1552317.2808393599
1552317.2808393599
1327952.046354283
1327952.046354283
1327952.046354283
1327952.046354283
1202085.948597888
1011706.6850794784
1011706.6850794784
751051.5449354899
609125.0901745221
609125.0901745221
609125.0901745221
421477.00349835865
421477.00349835865
270997.31867022597
241602.7598108828
133957.4488488202
133957.4488488202
133957.4488488202
133957.4488488202
133957.4488488202
117339.05839059954
101239.02072784398
101239.02072784398
101239.02072784398
110425.55132328218
110425.55132328218
111449.45737447368
99856.52722314978
89407.37172420196
89407.37172420196
89407.37172420196
83220.28609626647
83220.28609626647
72721.77908845137
67837.18378580065
50189.59677473863
50189.59677473863
42075.53116887357
42075.53116887357
42075.53116887357
42075.53116887357
42075.53116887357
42458.55848865683
33970.13488900491
32434.513082621062
29664.188345816037
34660.64357841492
34660.64357841492
30882.99261837841
30882.99261837841
27043.625153850335
25386.03782987967
25064.54054946105
24242.621746180164
24119.400637740284
23585.607755319004
22760.159010028096
22967.69726665988
22528.893173173106
22419.70503665807
22419.70503665807
21937.300253374422
21932.32105762747
21595.511597358192
21504.699221492774
21504.699221492774
21206.245340950285
20571.687950499894
21908.439775653344
21092.262192863745
21092.262192863745
21019.97100159484
20782.862652058157
20546.08430875533
19790.6200401441
19524.56742758102
19475.084197759563
19318.114340876746
19073.954879466266
18620.425605418444
18247.29584917936
17737.566088443236
17045.0777981924
16214.465031575855
15624.344134188548
15166.39210545678
14497.153344643611
13920.528588060428
13501.52427784235
13176.318269097206
12865.492655573602
12681.745140127874
12472.996367576054
12183.616815466637
11977.239100528928
11679.883566855306
11466.193699263396
11182.026367554965
11024.74878997292
10838.602590208538
10457.115116553485
10062.67461364479
9522.737798572642
8990.443359211818
8437.113050627973
8001.172987307618
7611.096915758841
7138.433178469068
6595.318701383243
6302.51710813088
5902.5519463395885
5559.892647324015
5143.9869657603795
4688.347007960309
4660.999860166324
4545.6343014392305
4527.401755379618
4419.204344336262
4413.460867202304
4401.957231520987
4398.446996399494
4386.912247794538
4384.536682191236
4384.401630770051
4378.361618342459
4330.882579030408
