65.00770408665653
66.26317605786402
65.083144148637
68.25069264025544
67.88736142576333
67.88736142576333
68.22709249779244
68.7183219223916
68.7183219223916
68.7183219223916
65.17315825757552
66.42824297236042
66.42824297236042
66.42824297236042
66.42824297236042
66.42824297236042
66.42824297236042
69.8769331224236
69.8769331224236
68.34314858482584
68.34314858482584
68.34314858482584
67.8087207606393
69.26140654821315
69.26140654821315
62.76526593957447
62.76526593957447
64.08340859331223
64.08340859331223
64.08340859331223
66.21603907035099
64.59653319849359
66.32611051542582
66.32611051542582
66.49153267393923
67.06166582943895
66.8764951361617
66.8764951361617
67.55063628564321
66.98050849132538
68.03300491157975
70.39634395128294
70.39634395128294
71.38274037742669
70.48911006696852
71.63088672488908
71.63088672488908
71.63088672488908
72.27506073915329
72.27506073915329
72.44470691276376
72.44470691276376
72.44470691276376
72.44288337067819
72.58470354007169
72.68719611171548
72.68719611171548
72.68373645176932
72.68415354131051
72.68415354131051
72.68219517908139
72.68347104004839
72.69502889768268
72.6945745783833
72.69697765708744
72.69697765708744
73.0503212778159
73.30065641924567
73.30065641924567
73.30065641924567
73.38704373673674
73.38656603586566
73.38656603586566
73.39002315113805
73.38707447385939
73.38971498405947
73.39471640002301
73.3956279741726
73.39579878507683
73.39579878507683
73.39616161241966
73.39881645567141
73.39922728713354
73.39922728713354
73.40010327219025
73.40081604219691
73.40180145711862
73.4028419901247
73.40438764014128
73.40624072050072
73.40789329175409
73.40872054848252
73.40943748298207
73.41062284649529
73.4121957875881
73.41469607773845
73.41675203692411
73.41885212530369
73.42095676852506
73.42099134802518
73.4228096518618
73.4228096518618
73.42370594382997
73.42447217915382
73.42491244549763
73.42628950113271
73.42634451101424
73.42662315231651
73.42721433741823
73.42740289806663
73.77292369557416
73.77666651384143
74.20918816906486
74.21048767923672
74.21048767923672
