26640940.684090763
9632517.692657389
9181956.031748697
4712011.391646404
3177893.3147092965
3177893.3147092965
3163267.4851203477
2998669.810141675
2998669.810141675
2998669.810141675
2170440.9474370694
1103578.4963838814
1103578.4963838814
1103578.4963838814
1103578.4963838814
1103578.4963838814
1103578.4963838814
912418.8213224903
912418.8213224903
888805.0877351922
888805.0877351922
888805.0877351922
710833.3255268281
585700.250223839
585700.250223839
381067.0044064413
381067.0044064413
303028.93609457795
303028.93609457795
303028.93609457795
268192.6553030107
200686.51422339398
106542.21930340178
106542.21930340178
100559.21232470116
90418.17370256266
47579.22130292314
47579.22130292314
41703.45399315297
33168.665962089486
36728.531371545156
16025.932600668471
16025.932600668471
17324.89571494838
7137.106753512511
4806.202663472209
4806.202663472209
4806.202663472209
8142.629989164667
8142.629989164667
7052.553378707532
7052.553378707532
7052.553378707532
5656.051460899787
3744.71875552472
2458.0159662162114
2458.0159662162114
1105.9916114765829
572.900257284002
572.900257284002
233.43464235781582
197.76283040690274
15.95531375658037
10.850369881931208
7.621323451577888
7.621323451577888
247.58907123906434
198.55034565686282
198.55034565686282
198.55034565686282
327.03040850078787
96.34167698566253
96.34167698566253
69.5632225260838
8.591224819407056
7.226502379763564
7.873433500021742
13.2834289399092
12.144484811433921
12.144484811433921
4.0708780183573525
1.3859010563517649
5.0482638216610844
5.0482638216610844
6.511094588406837
9.163037191564031
8.020878168285405
9.291426737301412
12.761568065975705
11.99926369320388
14.679463557287617
16.831184104731033
14.754170308228343
18.73448964313974
13.91959013876683
14.314508934037415
13.907595948241699
13.86442922333191
14.4259805044562
14.250481690586051
17.994050695702086
17.994050695702086
18.985996728676092
12.948216094654093
15.07013984360026
12.706026894461317
12.56757208842712
12.998727160370386
13.258079361777774
11.700484940694786
9.785732621266343
11.751135290651593
10.59250383800199
13.551417191117118
13.551417191117118
