26291237.967945658
9031191.339117082
8713840.371676479
4267671.431929983
2756059.712873661
2756059.712873661
2204128.1796684414
2008297.6117051311
2008297.6117051311
2008297.6117051311
1660225.9343541362
490572.14812719595
490572.14812719595
490572.14812719595
490572.14812719595
490572.14812719595
463807.3766135934
342102.1769256718
342102.1769256718
175305.86114482186
175305.86114482186
175305.86114482186
175305.86114482186
173558.3923782073
173558.3923782073
108409.96328539078
108409.96328539078
108409.96328539078
108409.96328539078
108409.96328539078
108409.96328539078
108409.96328539078
108409.96328539078
108409.96328539078
66464.73374113855
66464.73374113855
66464.73374113855
63335.547499822176
63335.547499822176
31656.019743831668
31656.019743831668
27158.711024874785
26230.54153196827
24073.101753803687
23552.200451791126
23552.200451791126
17803.11140774252
14378.57245421933
13936.488541964722
13936.488541964722
7025.563490992734
7025.563490992734
7025.563490992734
7025.563490992734
4294.260336085967
3310.6265690243554
4023.963966731515
4023.963966731515
4023.963966731515
1488.8006440606264
1414.701683040416
1414.701683040416
1414.701683040416
1414.701683040416
1414.701683040416
1290.053548757476
1165.355486270478
1014.6211111615978
604.8996476124264
601.6030669912823
601.6030669912823
601.6030669912823
601.6030669912823
610.1217366112712
610.1217366112712
604.1687437035982
933.8208772956577
550.9142956231278
550.9142956231278
550.9142956231278
509.76075619409016
509.76075619409016
509.76075619409016
509.76075619409016
490.85215010211755
477.5785992665142
397.72913930406605
368.9688537641564
337.3932971161376
337.3932971161376
331.4167939136002
304.24320769069857
259.30882393250954
234.82115740558916
222.31835243038321
224.4047514305514
221.72703865948895
168.68798389348822
157.0412025666683
157.0412025666683
1105.3340308592992
232.47802325200703
1159.7966862173932
667.5019514547738
667.5019514547738
959.3790132137011
959.3790132137011
936.5056552052852
894.408324330954
877.6317984900404
868.585053321186
866.532466218482
780.7537299161478
756.3693555337271
735.5387537951326
700.7805241857633
700.7805241857633
802.3363196800778
712.4113724393799
712.4113724393799
712.4113724393799
679.0963743452962
657.554101766397
634.9222540597559
614.8951916616031
564.3623683371115
525.8360603010937
471.48811768678416
433.49221486161053
399.8773021142125
392.60023339664923
380.38275977688807
350.24564810206675
335.24173993530206
319.0080104395048
305.0727963938688
295.465603505644
282.8966275459433
269.7105163470755
255.2843617815659
240.87337097767306
225.12086100451364
