5.224674573207858e-08
5.557471369554388e-08
5.734170941443508e-08
5.333596060032872e-08
5.242471318006557e-08
5.242471318006557e-08
5.242471318006557e-08
5.3605234265393645e-08
5.3605234265393645e-08
5.3605234265393645e-08
5.618652297865989e-08
5.568078026245727e-08
5.568078026245727e-08
5.568078026245727e-08
5.568078026245727e-08
5.568078026245727e-08
5.568078026245727e-08
4.91192978220351e-08
5.676415273264478e-08
5.676415273264478e-08
5.4860317149097527e-08
5.4860317149097527e-08
5.686201045474232e-08
5.686201045474232e-08
5.686201045474232e-08
5.686201045474232e-08
5.7422911519634456e-08
5.635159241358115e-08
5.6953483510780004e-08
5.804838628678586e-08
5.7706672783357454e-08
5.7706672783357454e-08
5.76608862586605e-08
5.901733427931753e-08
5.901733427931753e-08
5.8904487653692524e-08
5.8904487653692524e-08
5.8992209494035395e-08
5.928386954355073e-08
5.928386954355073e-08
5.928386954355073e-08
5.924506787424532e-08
5.924506787424532e-08
5.924506787424532e-08
5.924506787424532e-08
5.924506787424532e-08
5.9282087945126945e-08
5.940121450358963e-08
5.9517866027129705e-08
5.959808032319884e-08
5.959879503930546e-08
5.959879503930546e-08
5.9594720832958974e-08
5.9597565582292296e-08
5.967889094078269e-08
5.968293447017104e-08
5.968293447017104e-08
5.967846271148557e-08
5.968325480085615e-08
5.968302854098851e-08
5.968302854098851e-08
5.991061923073048e-08
5.996822335038636e-08
6.00339642665382e-08
6.003478443910052e-08