27066795.83021265
10888046.586080007
7282542.157709022
5707618.967145101
1879834.8036218581
1879834.8036218581
1879834.8036218581
847045.6646569729
847045.6646569729
847045.6646569729
306219.286662891
275649.7504005273
275649.7504005273
275649.7504005273
275649.7504005273
275649.7504005273
275649.7504005273
147649.7019540052
79986.1146605681
79986.1146605681
53234.12356851585
53234.12356851585
19548.75758766722
19548.75758766722
19548.75758766722
19548.75758766722
21615.653664241443
10474.2282986817
11859.111027839226
19072.566024798463
10709.385745057267
10709.385745057267
5098.3515068503875
5266.383653001923
5266.383653001923
3837.2725197118075
3837.2725197118075
2811.982792587882
5547.954867901661
5547.954867901661
5547.954867901661
4216.087014256683
4216.087014256683
4216.087014256683
4216.087014256683
4216.087014256683
3971.200242933571
4764.053340069619
4030.919534256427
3868.5655601601875
1973.3551784053639
1973.3551784053639
1774.5576024754423
1621.1818219014076
1493.2382797705295
1079.2320524055085
1079.2320524055085
656.4465258184645
480.31165145193756
0.12441661601704686
0.12441661601704686
38.07329542900571
526.1922952779341
524.7870997105578
0.0