52.141443774001914
52.85674089236152
51.58081445926327
55.073479159108096
54.7298757969948
54.7298757969948
54.197587948065205
54.72407910286505
54.72407910286505
54.72407910286505
51.92856925642963
52.6845153580411
52.6845153580411
52.6845153580411
52.6845153580411
52.6845153580411
52.89253993620657
54.537749177805956
54.537749177805956
54.605781083206494
54.605781083206494
54.605781083206494
54.605781083206494
55.720251029223256
55.720251029223256
55.04755777945156
55.04755777945156
55.04755777945156
55.04755777945156
55.04755777945156
55.04755777945156
55.04755777945156
55.04755777945156
55.04755777945156
55.126445769148084
55.126445769148084
55.126445769148084
55.54996305816637
55.54996305816637
55.85992205961278
55.85992205961278
55.95425031618858
57.042954567671906
57.1532914297986
57.15390146866865
57.15390146866865
57.302075145771724
57.639375423396004
57.7828377943428
57.7828377943428
58.37008928929371
58.37008928929371
58.37008928929371
58.37008928929371
58.526088073088864
58.52149719035171
58.661282366460185
58.661282366460185
58.661282366460185
58.61521317788302
59.251119981864065
59.251119981864065
59.251119981864065
59.251119981864065
59.251119981864065
59.251577339148334
59.25071585504786
59.25176452251213
59.29454588073271
59.29847901656567
59.29847901656567
59.29847901656567
59.29847901656567
59.29983994623116
59.29983994623116
59.29983127134565
59.39110441437468
59.39059422313517
59.39059422313517
59.39059422313517
59.390513322181555
59.390513322181555
59.390513322181555
59.390513322181555
59.39107379737194
59.3909444620059
59.39009887994203
59.390618890580384
59.39054961630565
59.39054961630565
59.391135252435156
59.39014877066107
59.39071677965205
59.39066336085919
59.39030560334826
59.390779612975486
59.39093674578251
59.39085329014915
59.39080959993832
59.39080959993832
59.66289114394929
59.68153271088531
59.782954915336724
59.77864804995791
59.77864804995791
59.87119883534031
59.87119883534031
59.87140768521798
59.8716115279477
59.87147675279129
59.87157739733188
59.87163337219947
59.87137293852728
59.87140800816298
59.87120497038015
59.87138203685782
59.87138203685782
59.97824940880826
59.97775917331332
59.97775917331332
59.97775917331332
59.97761781012414
59.97749959229246
59.97738014026438
59.977473926511806
59.97715454901963
59.977402704197694
59.977622986253785
59.97739501274352
59.97774578829923
59.97777686235714
59.97797019758927
59.97757392353091
59.97749841839158
59.9774300200697
59.97727991381453
59.97713904246244
59.97666315497061
59.97688175986175
59.97723173174215
59.97711087018454
59.97721845453537
