51.849417933107816
54.33218056968142
54.33218056968142
50.509775436664526
52.243629111751886
52.248979137564376
56.102594505082294
56.102594505082294
52.397473199275126
52.397473199275126
52.397473199275126
52.397473199275126
52.397473199275126
53.16267771461796
53.16267771461796
53.16267771461796
53.16267771461796
53.16267771461796
53.16267771461796
53.16267771461796
53.16267771461796
53.16267771461796
53.16267771461796
53.16267771461796
53.16267771461796
52.75000185663162
52.75000185663162
50.47002006173674
50.91732310100806
50.665398345002444
49.96321213490539
49.96321213490539
52.03212586559718
52.03212586559718
52.284162848197994
52.39671474160203
52.059339161625196
52.75476623619295
51.48984518716107
53.05633639883889
53.53409214807864
53.284777888334894
53.284777888334894
55.4656484998359
55.4656484998359
55.4656484998359
54.942662143451095
55.172170026666485
55.172170026666485
55.194331585385235
55.194331585385235
55.194331585385235
54.82257004416344
55.53254222762022
55.43571928110892
55.531884367391974
55.531884367391974
55.458673173199095
55.458673173199095
55.81136762575802
55.693909471136614
56.351027055610935
57.29145457035029
57.29145457035029
57.29145457035029
57.29145457035029
57.29145457035029
57.52148376492492
