24987603.29784406
10877631.275645614
10877631.275645614
6680024.837264036
6112717.972732916
3698392.4580064756
3177876.8625257346
3177876.8625257346
1263890.221581029
1263890.221581029
1263890.221581029
1263890.221581029
1263890.221581029
932001.613973642
932001.613973642
932001.613973642
932001.613973642
932001.613973642
932001.613973642
932001.613973642
932001.613973642
932001.613973642
932001.613973642
932001.613973642
932001.613973642
637028.6244955148
637028.6244955148
538675.3542225835
536300.6524174946
473089.02570077573
305422.18255521794
305422.18255521794
216571.49070257263
216571.49070257263
198071.2763285935
165852.19644414575
142404.69163968798
72115.25377776094
48888.50080484497
40146.30122212716
26355.09752661845
12979.553514038998
12979.553514038998
33559.670430564496
33559.670430564496
33559.670430564496
21720.55568298528
18049.507812385542
18049.507812385542
16416.47126083013
16416.47126083013
16416.47126083013
11868.69647969467
14031.042112098236
11563.691999791467
10895.630582293441
10895.630582293441
8970.527929451891
8970.527929451891
9422.409635724063
7349.188548523357
13031.275752678783
12275.081243343058
12275.081243343058
12275.081243343058
12275.081243343058
12275.081243343058
14313.034756137055
